T= 5
0.0
0.0
T= 6
0.0
0.0
T= 7
0.0
0.0
T= 8
0.0
0.0
T= 9
0.32876712328767127
0.32876712328767127
T= 10
0.7851239669421488
0.7851239669421488
T= 11
0.787878787878788
0.787878787878788
T= 12
0.8710801393728222
0.8710801393728222
T= 13
0.7391304347826086
0.7391304347826086
T= 14
0.8783783783783784
0.8783783783783784
T= 15
0.8992248062015504
0.8992248062015504
T= 16
0.9387755102040817
0.9387755102040817
T= 17
0.8380952380952382
0.8380952380952382
T= 18
0.778443113772455
0.778443113772455
T= 19
0.7849223946784922
0.7849223946784922
T= 20
0.7203791469194314
0.7203791469194314
T= 21
0.7840909090909092
0.7840909090909092
T= 22
0.43137254901960786
0.43137254901960786
T= 23
0.2631578947368421
0.2631578947368421
T= 24
0.7999999999999999
0.7999999999999999
T= 25
0.6711409395973155
0.6711409395973155
T= 26
0.875
0.875
T= 27
0.96
0.96
T= 28
0.5539112050739958
0.5539112050739958
T= 29
0.7551020408163265
0.7551020408163265
T= 30
0.8358208955223881
0.8358208955223881
T= 31
0.9121212121212121
0.9121212121212121
T= 32
0.68
0.68
T= 33
0.4096385542168674
0.4096385542168674
T= 34
0.7892156862745098
0.7892156862745098
T= 35
0.5945945945945946
0.5945945945945946
T= 36
0.5671641791044776
0.5671641791044776
T= 37
0.7477477477477477
0.7477477477477477
T= 38
0.7819548872180451
0.7819548872180451
T= 39
0.6742857142857144
0.6742857142857144
T= 40
0.78125
0.78125
T= 41
0.805896805896806
0.805896805896806
T= 42
0.0
0.0
T= 43
0.0930232558139535
0.0930232558139535
T= 44
0.0
0.0
T= 45
0.0
0.0
T= 46
0.0
0.0
T= 47
0.0
0.0
T= 48
0.03508771929824561
0.03508771929824561